plot_name	sample_name	colony_points	theta	psi	elevation	x_i	_x_j	x_k	y_i	y_j	y_k	z_i	z_j	z_k
cur_kal_05m_20200214	KP0950_AC_WP05	10676	-14.678810385822514	9.57836352429769	17.306980856159786	0.5290197889619288	-0.8031225077430447	0.2741027187811159	0.8109211301606646	0.5736185210395386	0.11562315070678002	-0.25008995090892144	0.1611087517080793	0.9547245605814473
cur_kal_05m_20200214	KP0952_HU_WP05	57	15.108331039684918	53.735717541352656	54.259894392160284	-0.26626771619839384	-0.5353166841871182	0.801584400385512	0.9509119242824157	-0.28193612523951006	0.12758735651483957	0.15769595926340366	0.7962085586803501	0.5841095064422034
cur_kal_05m_20200214	KP0954_HU_WP05	15	-59.08635384942342	31.241317655509203	119.3721061954955	-0.11141821628582338	0.7562014248814781	-0.6447832085956547	0.5627427940413751	0.582783087906249	0.5862460406731661	0.8190888406236481	-0.2975286161996511	-0.4904795548319305
cur_kal_05m_20200214	KP0955_HU_WP05	39	-53.80679282803017	-65.11403700244634	111.39455530503749	-0.7844727301513074	0.5883279297507197	0.19614480040058774	0.3688582309164171	0.18837966115049168	0.9101959727168853	0.49854402126007413	0.7863735437691545	-0.36478830645427296
cur_kal_05m_20200214	KP0956_HU_WP05	84	3.451148405804535	10.405663205171589	10.939543866552526	0.652635092460338	-0.7512299808175373	0.09859488835719929	0.7553552136477131	0.6349374908512657	-0.16215080612416571	0.05921095594992443	0.1802994693069879	0.981827970707249
cur_kal_05m_20200214	KP0958_HU_WP05	45	-30.278855417976455	26.45647208069885	37.49384950521087	0.2533910377986162	-0.798889491255878	0.5454984534572619	0.8492339012575738	0.45374392766457117	0.27003375541285507	-0.46324374029033727	0.3948316462347625	0.7934186840586537
cur_kal_05m_20200214	KP0962_AC_WP05	5204	26.110482030473367	36.82855368529614	41.82863801176688	0.4021285836674008	-0.8164661537485289	0.4143375700811281	0.8395914071377277	0.1483226777958428	-0.5225769343474326	0.36521072171849017	0.5580173859608266	0.7451427552538543
cur_kal_05m_20200214	KP0963_HU_WP05	194	3.6141606895416345	-38.45989694521689	38.54787835069877	0.8162303657945701	-0.42617044435057844	-0.39005992144399165	0.5756107571443069	0.6576322311556674	0.48599599258119064	0.04939884831269015	-0.6212073735132653	0.7820876887396517
cur_kal_05m_20200214	KP0965_AC_WP05	75	71.47071199109212	-31.685693375318678	71.82947302467329	0.36608279196996263	0.449008872638969	-0.8150916646089317	0.016877392037934175	0.8725466372931189	0.4882392030413661	0.9304292251759265	-0.19249259216903006	0.3118462103322286
cur_kal_05m_20200214	KP0966_AC_WP05	1806	60.86999217149181	-47.14859106764778	64.46572393857201	0.5719465079311767	0.218663143898259	-0.7906096518294358	0.27310633413748425	0.858068466692238	0.43489244270556876	0.7734921604769612	-0.46465571767595937	0.43105097344945403
cur_kal_05m_20200214	KP0969_HU_WP05	12	12.081102223392497	56.35683882176459	56.62171235875627	-0.3159615205218755	-0.49403629332135024	0.8099978138432258	0.9414361497400736	-0.2692122357758834	0.20303385942038282	0.11775522711153857	0.8267121101023325	0.5501643331751516
cur_kal_05m_20200214	KP0970_HU_WP05	104	29.403831448464395	-11.319510440968445	30.88169910786986	0.8065608010871311	-0.29330424125318094	-0.5132565598339501	0.3398970796277928	0.9404568589461505	-0.0032972293882205794	0.4836627434588934	-0.1717949898106359	0.8582288925838959
cur_kal_05m_20200214	KP0971_HU_WP05	160	23.261479757792674	-26.368994273215023	33.271026701587324	0.8089172877868751	-0.308335721863131	-0.500581565923744	0.46527205522276693	0.8562369719364961	0.22445525727369856	0.35940887043631553	-0.41447235192731696	0.8360848840515716
cur_kal_05m_20200214	KP0972_HU_WP05	151	53.41990378475691	-39.732459314332054	57.7223125505871	0.6386770806100708	0.12119374004176034	-0.7598708206518311	0.2725604498996692	0.8878598876131785	0.37069613043300575	0.7195848718906527	-0.4438658551208961	0.5340231407007646
cur_kal_05m_20200214	KP0973_HU_WP05	223	50.16147442142925	-26.989544658869853	52.4806106576687	0.6596969110936882	0.08680486451683285	-0.746501775610521	0.1786803609649249	0.9467077762192335	0.2679882740932483	0.72998172175671	-0.3101762433556899	0.6090298711548239
cur_kal_05m_20200214	KP0974_AC_WP05	3842	15.464648571285307	-63.59374640723806	116.1935166669893	-0.7820136791637228	0.18768208899646524	0.5943315901672576	0.6111804585748226	0.417763402002654	0.6722590177925756	-0.12211901021989814	0.8889596016788905	-0.4414043202391891
cur_kal_05m_20200214	KP0975_AC_WP05	503	-18.051134510698812	51.496694423490936	52.401249038327514	-0.12352104210151237	-0.6372079432726475	0.7607289853741598	0.9722156746995629	0.07590333078075247	0.22143930600699802	-0.19884474855180273	0.766945057619273	0.6101278919757236
cur_kal_05m_20200214	KP0976_AC_WP05	43	54.760611980268436	-27.218119502651295	56.41661625828576	0.6086513045144744	0.16701041907045291	-0.7756617235849274	0.12829522484694045	0.9440160676727538	0.30393091198024513	0.7829967591211994	-0.2845016412915437	0.5531499718052205
cur_kal_05m_20200214	KP0977_AC_WP05	139	21.839779034760614	58.42647694757265	59.17407359305492	-0.4175124588229749	-0.39891350823034644	0.8164259670533214	0.8851588516088913	-0.3816165639734723	0.2662003108929613	0.2053707723752877	0.8338086177609572	0.512431492788587
cur_kal_05m_20200214	KP0978_AC_WP05	5474	-85.00879050135494	-57.02529751146679	94.94681549130482	-0.157712782894968	0.7726467117775125	-0.6149339288825445	-0.01510632720990808	0.6207667193783242	0.7838497808831103	0.9873694733936996	0.13291252345686028	-0.08623099279596452
cur_kal_05m_20200214	KP0979_HU_WP05	100	-36.775643984466114	27.87966615886993	42.480503023922566	0.2126663996204886	-0.7890335380658688	0.5763671384453802	0.8067903736624464	0.4745579248468467	0.3519716876833491	-0.5512370592023625	0.39015490740513825	0.7375071882969135
cur_kal_05m_20200214	KP0980_HU_WP05	57	13.976118590221711	49.622751901632945	50.24114197638126	-0.1458823796386435	-0.6227877433746523	0.7686701230132956	0.9764123880420474	-0.21565449440372952	0.010582415674016632	0.1591765679646115	0.7520828184088373	0.6395578585751466
cur_kal_05m_20200214	KP0981_AC_WP05	3954	-60.49312005607181	32.28453248738079	118.05279408764568	-0.10004187126397826	0.751799902255741	-0.6517580309917628	0.5472132096037043	0.588654531484402	0.5950155845001803	0.8309929766425309	-0.2971241315193654	-0.4702849383508354
cur_kal_05m_20200214	KP0982_AC_WP05	11621	4.366569019891328	-5.550725783271697	7.045609904208079	0.7594752359197041	-0.6393489130117667	-0.12012632290793746	0.6461071190839432	0.7628437534980974	0.02479916163867396	0.0757822980237262	-0.09644882155633776	0.9924488239333235
cur_kal_05m_20200214	KP0983_AC_WP05	1319	-46.373300605104696	-45.15383853073713	124.53537784654596	-0.699356509615761	0.7146102407224411	-0.015253731106680117	0.39642912892691834	0.40554806403546073	0.8236350608706109	0.5947641702358212	0.5699675180321285	-0.5669149937971216
cur_kal_05m_20200214	KP0984_HU_WP05	171	8.513703414127306	49.17718593254322	49.412080512971066	-0.11865571315795063	-0.6402724695367532	0.7589281826947039	0.9881473709577446	-0.15111414784798577	0.027005325205873787	0.09739401934552269	0.7531372245968756	0.6506141144505239
cur_kal_05m_20200214	KP0986_HU_WP05	106	-37.409619985507874	-24.446487511361134	41.66037826687021	0.630251795868453	-0.7646667807840986	0.13441498491564546	0.5256297028218879	0.5476643776194163	0.6509816779281202	-0.5713983630672768	-0.3396298630156374	0.7470980302691312
cur_kal_05m_20200214	KP0987_HU_WP05	52	-20.02860034544212	-34.81797016386929	38.14000234963206	0.7701852675179147	-0.6198499345480247	-0.15033533296989002	0.5697479691573254	0.5626513638713908	0.5990080920778678	-0.28670874653463513	-0.5470004582945733	0.7865040325936448
cur_kal_05m_20200214	KP0988_AC_WP05	61	41.7578905962618	14.001243673740976	42.82895334496726	0.7548223968851535	-0.10781453327326532	-0.6470078636118882	-0.03924905391469512	0.9772074191479365	-0.2086268720204338	0.6547538934037377	0.18287068211525073	0.7333864279459702
cur_sna_05m_20200303	KP0130_AC_SB05	469	-35.32039663207366	-61.26021373498866	117.07401574577189	-0.8105472860021283	0.4904782371608752	0.32006904884125315	0.4888824722052745	0.2656907621081395	0.8309045356121576	0.3225012023621668	0.8299635641411955	-0.4551411392886831
cur_sna_05m_20200303	KP0132_HU_SB05	405	-0.8432814213279419	-18.519953126243358	18.536602313818477	0.7819894057092593	-0.5943894594705745	-0.18759994623868484	0.6231354698729482	0.7388023397292092	0.25665792213930616	-0.013955484395008806	-0.31760395665187213	0.9481207576961789
cur_sna_05m_20200303	KP0133_HU_SB05	438	12.033111067916664	40.468397738181444	41.32691241439183	0.14331642554822346	-0.7677870094964284	0.6244705839482049	0.9766456706467534	0.007662640831143666	-0.2147196263559672	0.16007384600562885	0.6406593416036516	0.7509540410976838
cur_sna_05m_20200303	KP0134_HU_SB05	109	-21.026941097472193	60.4074297960311	60.9767207047906	-0.2855905980771554	-0.519646024942233	0.8052366230193885	0.9400298252518157	0.011617411528945465	0.3408943581029288	-0.18649916334121563	0.8543026656350214	0.4851649385125881
cur_sna_05m_20200303	KP0135_HU_SB05	681	-20.42403904533394	56.860652925211575	57.609265291950415	-0.2209350666586511	-0.5702605858492515	0.7911956525079028	0.9546708876584749	0.03947280977335249	0.29503456330738015	-0.19947729840239262	0.8205149368021676	0.5356902518308669
cur_sna_05m_20200303	KP0137_HU_SB05	250	89.02821842751858	-84.90009720778802	89.045305996168	0.13293119897881522	0.6312069399254249	-0.7641381389042401	0.1321438834235499	0.7528098726798689	0.6448374133605019	0.9822765854950416	-0.18669519165125967	0.016661782692783213
cur_sna_05m_20200303	KP0138_HU_SB05	45	-81.42744500354034	-85.49547565551681	93.99398144853274	-0.8147045552390386	0.45417498316469557	0.36052957207434305	0.3503840192853925	-0.10983609921380921	0.9301435751210175	0.46204710441920754	0.8841160082120687	-0.06965168570094414
cur_sna_05m_20200303	KP0139_HU_SB05	107	75.65048845468591	-87.3378563532358	92.61929138662606	-0.6605427243028703	-0.08537570210850486	0.7459184264113751	0.7292262128609497	0.16343762955083582	0.6644676604043876	-0.17864053248638492	0.9828525478098349	-0.0456993371581828
cur_sna_05m_20200303	KP0140_HU_SB05	199	73.51677660825801	-1.3633631673098554	73.51716313661868	0.23936811011762363	0.5563537995721533	-0.7957219096897769	-0.1524799948878227	0.8309180775638364	0.53509344934939	0.9588809931465567	-0.006752634985458132	0.2837281144036072
cur_sna_10m_20200303	KP0051_AC_SB10	5485	-17.17825398623006	50.364603972340255	51.255597021244185	-0.10291484797425117	-0.6500098956720497	0.7529247436463008	0.97569318128639	0.08126075186047145	0.2035178277161838	-0.19347183272424995	0.7555685446969599	0.6258472850519029
cur_sna_10m_20200303	KP0052_AC_SB10	3323	-2.17986324559591	61.95051947706094	61.95540844732184	-0.37342912255507754	-0.44210418671015334	0.8155333092652309	0.9274860736269677	-0.1609759703897272	0.33742602179606224	-0.017896191096874545	0.8824004901689706	0.47015859164093193
cur_sna_10m_20200303	KP0053_AC_SB10	475	-50.202618731715205	-57.14190579670953	117.04202398330729	-0.752874354747859	0.6500886975090207	0.1027856572388383	0.36790976082878357	0.28619638037805073	0.8847225778431391	0.545731265230335	0.7039007864958862	-0.454643892426337
cur_sna_10m_20200303	KP0054_AC_SB10	259	-41.625216770253736	-54.6231264902029	120.98513764115339	-0.7757899864800004	0.6083772434508065	0.1674127430291941	0.43458237381739423	0.32280087214946096	0.8407959070468802	0.457480116775144	0.7250356726332475	-0.5148157108758968
cur_sna_10m_20200303	KP0056_AC_SB10	179	-73.06366777003343	67.5945503822127	103.76333974933631	0.19584542696422594	0.5885417259121649	-0.7843871528763908	0.5926612365187092	0.5662314026108124	0.5728303914995319	0.7812792250311759	-0.5770620725344219	-0.2379120362170917
cur_sna_10m_20200303	KP0057_AC_SB10	2790	-14.109549533502902	-56.09641437548342	123.53140241885983	-0.8164917889836715	0.4106684740431982	0.40582331494047336	0.5604122893723047	0.3946766881213846	0.7281266220747784	0.13884964689453003	0.8219377812709221	-0.5523939348659596
cur_sna_10m_20200303	KP0058_AC_SB10	3560	-23.468643303340563	-18.498727876246715	28.727965384168947	0.6803530693639945	-0.7311238147022625	0.050770745338267975	0.6262354311532515	0.615939060814317	0.47796261164601384	-0.3807215331121854	-0.2933888902777143	0.876911667892678
cur_sna_10m_20200303	KP0059_AC_SB10	195	51.3777882447857	78.33972180360597	78.70059423424215	-0.7297760429520885	0.04775997896025938	0.6820160639918291	0.6381845444314824	-0.3102536134769317	0.7046014352620124	0.2452496980262616	0.949453358377452	0.1959359739399717
cur_sna_10m_20200303	KP0061_AC_SB10	5657	-65.46978105277398	-23.255429983132764	114.12436699554733	-0.365151881124506	0.8150299529484707	-0.44987807182396466	0.25409897599372344	0.5521547921888458	0.7940773236038374	0.895599136952563	0.1756452710997541	-0.40871863748808673
cur_sna_10m_20200303	KP0062_AC_SB10	3337	-20.589290180721264	-34.02916640043722	37.69368934304689	0.7655481557332104	-0.6286439945707645	-0.1369041611624459	0.5705907160955586	0.5650754332702224	0.595916092600316	-0.29725789469589875	-0.5343187090160546	0.7912908828214683
cur_sna_10m_20200303	KP0064_AC_SB10	2784	35.55833744773259	-1.43709447532761	35.57502196484789	0.7909652775064727	-0.2200390656753621	-0.5709262118311106	0.19061942496441925	0.9752776277823576	-0.11179348627469943	0.5814104957818896	-0.020404860301676837	0.8133544596734725
cur_sna_10m_20200303	KP0065_AC_SB10	759	-55.74524731496151	-22.638047127164278	123.22842670777284	-0.46701639386984223	0.8135269603319394	-0.3465105664620972	0.36660761953033977	0.5347416685159587	0.7613476218226902	0.804670455005716	0.22852840691223414	-0.547978308033311
cur_sna_10m_20200303	KP0066_AC_SB10	4478	26.308613817181502	-0.19959796625467333	26.309178863880025	0.8164886088901351	-0.4113689907475645	-0.4051196181425706	0.370022622814503	0.9114635492184202	-0.1797705678125217	0.4432038020573921	-0.003122802826088331	0.8964154382563819
cur_sna_10m_20200303	KP0067_LM_SB10	1554	40.21286266020591	-68.42877940812636	110.5538526072969	-0.7223923030202992	0.03163277307927613	0.6907595299410231	0.6245342230956422	0.45865917847868376	0.6321303363860821	-0.29682716304164397	0.8880490558885662	-0.3510876096020413
cur_sna_10m_20200303	KP0068_AC_SB10	1339	5.943032998495512	-15.57440227176999	16.569258946675316	0.7954319860533271	-0.5572965891918767	-0.23813539686145033	0.5977730461361273	0.7861625492640801	0.15689433210839263	0.09977645451906644	-0.26714969176419373	0.9584757176443758
cur_sna_10m_20200303	KP0069_AC_SB10	40252	56.7054381658633	14.656039121084524	57.08648165723397	0.47579086322848413	0.3367499293269392	-0.8125407925554233	-0.2984472614689902	0.9308090474558841	0.2110065148186907	0.8273767500902804	0.14210560253759016	0.5433725343974191
cur_sna_10m_20200303	KP0070_AC_SB10	2612	61.17751777087631	-69.63368138532427	107.10542699054584	-0.6274003973209618	-0.13882223844195118	0.7662226357629129	0.5662611154483181	0.5941030523928493	0.5713054456844657	-0.534525107523235	0.7923193480229203	-0.2941308555316981
cur_sna_10m_20200303	KP0071_AC_SB10	1636	49.891415050492306	-53.88869240342521	118.87458533539636	-0.6787862734541774	-0.05359146376972857	0.7323777372239059	0.4589100423900294	0.7476398493195631	0.4800377367488959	-0.5732807060801646	0.661938524880097	-0.48289400629515905
cur_sna_10m_20200303	KP0072_AC_SB10	1306	11.728678916473285	-28.183746758091115	29.883607045534703	0.8163584041729278	-0.42118754372454403	-0.3951708604483837	0.5487769357340765	0.778948711040647	0.3034514464859773	0.18000786300200317	-0.4645857924855214	0.8670393362922193
cur_sna_10m_20200303	KP0073_HU_SB10	161	38.16815451352168	-10.590786380709112	38.93668389125428	0.7659622534322043	-0.1380803922586597	-0.6278818611735446	0.1987234137854026	0.9796842108914839	0.026978727609099903	0.6114007124059763	-0.1454395139005388	0.7778409327528603
cur_sna_10m_20200303	KP0074_AC_SB10	1022	-47.75602987839561	55.89013224171394	61.501053620012414	-0.14182325293051046	-0.6254464880822499	0.7672697410127604	0.8389497423583362	0.33545677145988334	0.42852314322401874	-0.525404125150431	0.7044752976700401	0.47714259948952237
cur_sna_10m_20200303	KP0076_AC_SB10	1211	27.110672732036495	0.5680693329953105	27.115030749180878	0.8164693465458882	-0.40245932798476114	-0.41401001856112707	0.3545725844787067	0.9153953264918009	-0.19060345897454115	0.4556929761221043	0.008825279317033455	0.8900932681230409
cur_sna_10m_20200303	KP0077_AC_SB10	541	-61.478690236165846	39.766366415693064	116.34264713281163	-0.0429956990075889	0.727623565931214	-0.6846278669236252	0.575685489465442	0.5781048855858297	0.5782568274397885	0.8165400094825626	-0.3692677721699242	-0.4437383523551662
cur_sna_10m_20200303	KP0078_AC_SB10	584	-46.3401075859235	-15.917821892236168	132.6385810953271	-0.5069341600694345	0.8077804553162656	-0.3008462952468313	0.489049306534036	0.5569303284648349	0.6713116899135823	0.7098228885667717	0.1931821556073377	-0.6773714797816829
cur_sna_10m_20200303	KP0079_LM_SB10	716	72.59825458334043	-76.87685777180384	100.59514965464246	-0.5615335534131698	-0.23256552433571664	0.7940990777488864	0.5835311177922433	0.5691153422441712	0.5793092108627611	-0.5866613187856464	0.7886830821773427	-0.18386814005676175
cur_sna_10m_20200303	KP0082_AC_SB10	5741	7.158794266291294	12.00251448439967	13.870619649550633	0.6673478961388012	-0.741086624773669	0.07373872863486779	0.7346960806137882	0.6388962981081256	-0.22810784597306313	0.12193627290455268	0.20640284602035852	0.970839539009842
cur_sna_10m_20200303	KP0083_AC_SB10	5862	-16.383096415924896	7.675029128496486	17.921723772943974	0.5358880801793336	-0.8014400327093688	0.26555195253003516	0.7966021651707641	0.5841684991150611	0.1554739691617465	-0.27973014847699007	0.12822261349880068	0.951477800802824
cur_sna_10m_20200303	KP0084_AC_SB10	384	-20.135993952183433	-14.317657611907308	24.072394035308147	0.675226150941121	-0.7351709125382365	0.0599447615971155	0.6572648672920431	0.6365701300757971	0.40346172522168167	-0.33477236939271343	-0.23302832199751905	0.9130308110015835
cur_sna_10m_20200303	KP0085_AC_SB10	1384	-16.336745770885866	3.409748540748571	16.652505096672243	0.5743518594381641	-0.7897592125388975	0.21540735310073342	0.7689330718613245	0.6107552155953799	0.1889973481849631	-0.28082356125836483	0.05708285936234825	0.9580603710670783
cur_sna_10m_20200303	KP0086_LM_SB10	4794	-20.469094318416783	37.22096000627317	40.243730794727455	0.13381239522272628	-0.7644523840130721	0.6306399887903459	0.9491658869386705	0.2818202142405166	0.1402194206141094	-0.28491816712291984	0.5798188677700649	0.763303162983854
cur_sna_10m_20200303	KP0087_AC_SB10	1462	24.84174896463741	4.295902930711254	25.126773954074242	0.8129771856174535	-0.472071149553211	-0.34090603606424247	0.4042142469427125	0.8789331396630923	-0.253154850971723	0.41914071412123705	0.06801004162246425	0.9053704744492446
cur_sna_10m_20200303	KP0088_AC_SB10	5483	50.80067824354736	83.80593711993113	83.8596484057675	-0.716767308099991	0.019734175194173906	0.697033132905817	0.6848672512980422	-0.16808748733036613	0.7090158282453424	0.13115439046618782	0.9855745324085692	0.10696432549720997
cur_sna_10m_20200303	KP0089_AC_SB10	5868	0.7795405286370177	-2.966070561065659	3.066445767236152	0.7286776210088025	-0.6833555710056546	-0.04532205000314805	0.6847220754548627	0.7282500645216169	0.028416947567362086	0.013586906407912044	-0.05173980189174187	0.9985681693677532
cur_sna_10m_20200303	KP0090_AC_SB10	354	-0.6009981462581696	3.513166807419598	3.563949005024348	0.6796433289174464	-0.7316937215047811	0.0520503925873347	0.7334680191706299	0.6788738666503652	-0.03398437925127969	-0.010469494349034719	0.06127455499361874	0.9980660391970111
cur_sna_10m_20200303	KP0091_HU_SB10	178	-24.39113667808883	-12.57666724168086	26.809596156494894	0.6391935849385944	-0.759566871826986	0.12037328688839163	0.6539527494536957	0.6192012185712943	0.43466728931652554	-0.40469415915639284	-0.19911810099232888	0.892510290922132
cur_sna_10m_20200303	KP0092_HU_SB10	304	-86.11293503583268	60.49249716029338	93.85943430176879	0.0336537237512082	0.6896790263930345	-0.7233327501442427	0.13244877316421277	0.7142815124616819	0.6872112073029274	0.9906183671651623	-0.11893175147540799	-0.06730890822186553
cur_sna_10m_20200303	KP0093_HU_SB10	314	-31.27632673659575	51.11059855454366	54.08327987093713	-0.0974564353984618	-0.6533235484829852	0.7507799838814471	0.929263089464635	0.2103579904936368	0.3036768453374749	-0.356331802900144	0.7272673901895227	0.5866087191722038
cur_sna_10m_20200303	KP0094_HU_SB10	674	23.592300905819993	47.3563101193078	49.488313318527446	-0.09937393630114907	-0.652163169405878	0.7515371057070271	0.9537498316397419	-0.2777652133228133	-0.11492495340393247	0.2837006863424535	0.7053578430401211	0.6496031356379129
cur_sna_10m_20200303	KP0095_AC_SB10	378	19.78754863185985	33.85101339591198	37.27588747255532	0.4198686794552092	-0.8163852602557246	0.39651658080051533	0.8612499368777793	0.22058488057479492	-0.45781093989749155	0.28628454069432385	0.5337203549603446	0.7957284363779163
cur_sna_10m_20200303	KP0098_AC_SB10	635	-21.021890012686292	32.53674566651661	36.6779968495188	0.20587035830754483	-0.7871961284105179	0.5813257701029729	0.9287746973540392	0.34428095535766956	0.13728869339069083	-0.308212519416775	0.5116569936915764	0.8020050895606974
cur_sna_10m_20200303	KP0099_AC_SB10	161	-36.157017270304195	65.81670469873366	66.89295269230537	-0.33706562917956123	-0.47550916480235483	0.8125747939819161	0.8967413071897067	0.10074732212668966	0.43093503578149345	-0.28677829346985545	0.8739227719159559	0.3924502505047608
cur_sna_10m_20200303	KP0100_AC_SB10	630	-89.76072362255047	89.90012205081268	89.90782945189959	-0.5596824881023569	-0.23500497996495073	0.7946874680673077	0.7337398587464926	0.3052156277740837	0.6070166721344226	-0.38520297532370146	0.9228304719471204	0.0016086788438832932
cur_sna_10m_20200303	KP0101_AC_SB10	3022	-79.1753012023337	-76.64067992230115	98.47099813775942	-0.6365872280984536	0.7610887424849918	-0.1245015143865383	0.03488791434809807	0.18969273961063737	0.9812234699452775	0.770415170187067	0.6202907307074843	-0.1473087741582554
cur_sna_10m_20200303	KP0102_AC_SB10	15036	-55.43744356405489	-59.07215175034241	114.32694124830027	-0.7351455204705997	0.6752589604442274	0.059886560026372396	0.3193429837555871	0.26702693617422313	0.9092396131292819	0.5979808713145345	0.6875477813920926	-0.41194286720942447
cur_sna_10m_20200303	KP0103_AC_SB10	1325	-65.89775239352346	-80.04498650302467	99.27969003726037	-0.8163405018908398	0.3943449578397083	0.4219955440511313	0.45129155305830343	-0.02047007818326893	0.8921417544523937	0.3604498843262905	0.9187344720459604	-0.16125399456631873
cur_sna_10m_20200303	KP0104_AC_SB10	1774	-61.719535121605226	-46.95292456260731	114.99494183161585	-0.5725056768323291	0.7904134650978477	-0.2179077882655186	0.2354047458917571	0.4130459808123602	0.8797599805324136	0.7853800707978233	0.45237105558022694	-0.4225382497086356
cur_sna_10m_20200303	KP0105_AC_SB10	950	63.983011810895654	65.63983855194569	71.63644417146706	-0.7515372212652907	0.652162991526386	0.0993742297389046	-0.1363164386701049	-0.3009097593414007	0.9438597063554519	0.6454530452334586	0.6957993598850571	0.3150454208243623
cur_sna_10m_20200303	KP0107_AC_SB10	4006	34.797114004618734	48.14441865389782	52.74662793353435	-0.21812290320474878	-0.5723465020664604	0.7904694052712092	0.8805979432052735	-0.464571489827176	-0.0933841167565454	0.420677621843822	0.6757165177883736	0.6053408346277168
cur_sna_10m_20200303	KP0108_AC_SB10	1579	24.509495607599415	-7.739758501862795	25.442911591232356	0.8162560682327702	-0.390966352820997	-0.4252897154117731	0.4052439785119103	0.9121855970084003	-0.060784492185642136	0.4117078441723178	-0.12273038569268724	0.903013789194111
cur_sna_10m_20200303	KP0109_LM_SB10	4067	14.73457949927276	20.688347552827157	24.71131567728286	0.6406719712255893	-0.7586903730260364	0.11801840180044702	0.7297005058551826	0.5538074080924723	-0.4010418014329536	0.23890708871987956	0.34305432896191806	0.9084256328064944
cur_sna_10m_20200303	KP0112_AC_SB10	1254	-27.053727245556253	-12.79110932522476	29.200660716498838	0.6238709584602602	-0.7681029598689928	0.14423200140873266	0.6419059109916655	0.608886526980736	0.4660622262051466	-0.44580469784854904	-0.1981793135063037	0.8729164513711114
cur_sna_10m_20200303	KP0113_LM_SB10	4112	66.90084055471772	74.35037192978601	76.82160283479027	-0.8162025998710948	0.42707462259525103	0.38912797727584375	0.21931557895544138	-0.3940784962973576	0.8925260867803547	0.534522209820233	0.8138239401069113	0.22798377511954074
cur_sna_10m_20200303	KP0116_AC_SB10	3076	-52.33450833914583	-22.27780160328671	126.35306955755429	-0.49712576316710017	0.8094991361585653	-0.31237337299146506	0.40398144420916793	0.5345463786701758	0.7423335919822543	0.7678964567766954	0.24284010708517179	-0.5927594065560319
cur_sna_10m_20200303	KP0117_AC_SB10	1753	14.520863287376413	-42.451378797627655	43.55322455423719	0.8096321141299598	-0.31331807989013327	-0.49631403423982656	0.5561119813048594	0.679931869892777	0.47794572553093895	0.18771069233966256	-0.6629663891315094	0.724734615471962
cur_sna_10m_20200303	KP0119_AC_SB10	6341	8.809996775287859	-2.629908652769236	9.182435425015553	0.769319641851708	-0.6215363003320413	-0.14778334151966674	0.6202725754543474	0.7820719468661222	-0.0602113117633573	0.153000721568203	-0.0453442090524455	0.9871852318106351
cur_sna_10m_20200303	KP0121_AC_SB10	702	-46.58183278114885	-69.20533670971429	109.4142249947323	-0.814128391416849	0.4608807518669186	0.3532476395499303	0.4623860294662361	0.14652538678433888	0.8744881192915936	0.35127499490208913	0.8752823793418233	-0.3323952983576236
cur_sna_10m_20200303	KP0122_AC_SB10	1499	88.84186909371279	88.11831100076527	89.01361016939978	-0.49216965371096477	0.8102893766195921	-0.3181197229086274	-0.1806406460178701	0.2624223082873021	0.9478942394167246	0.8515503443556791	0.523990131825588	0.01721489985818686
cur_sna_10m_20200303	KP0123_AC_SB10	10086	10.4360971000884	7.27436938381962	12.631004622656599	0.7295616781303305	-0.6822785844945494	-0.04728309363578111	0.6598769339549281	0.720403346176278	-0.213498128451434	0.17972809974486287	0.12455903001443004	0.9757985746064425
cur_sna_10m_20200303	KP0124_AC_SB10	1852	-25.50589916294152	-55.797100494194545	122.88389611572745	-0.811349486248984	0.48494648066462925	0.3264030055843547	0.5240342140060816	0.3559623776588322	0.7737434511790708	0.2590369736437988	0.7988226940832748	-0.5429384400675648
cur_sna_10m_20200303	KP0125_AC_SB10	610	-33.67998636649469	-0.9908635465497773	33.68888865042864	0.4944405633147291	-0.8099337051792849	0.31549314186455585	0.669374569314493	0.5863448586037169	0.4562207719339667	-0.5544963618492464	-0.014390969513647687	0.8320617072623923
cur_sna_10m_20200303	KP0126_AC_SB10	7645	-13.237566902545364	17.23826837951194	21.274749481865314	0.4548722888176222	-0.8146485426510173	0.3597762538333951	0.8631563398236339	0.5027392851248222	0.047056819000547034	-0.2192084256776759	0.2891383114510365	0.9318512236205725
cur_sna_10m_20200303	KP0127_AC_SB10	5553	0.12059602137620398	-3.9661317751413874	3.967953119260127	0.7302355169320666	-0.6814515495131142	-0.04878396741895252	0.6831922722326602	0.7285875115541004	0.0490770533852464	0.0020997553505969465	-0.06916663699775626	0.997602910658288
cur_sna_10m_20200303	KP0128_LM_SB10	274	27.476289194311352	-35.59870823372438	41.503823415491574	0.7912986205757443	-0.22133674675272993	-0.5699618738230144	0.47134238257374705	0.8145927408078155	0.3380458918740386	0.38946482699292295	-0.5361424355151612	0.7489115016977933
cur_sna_10m_20200303	KP0129_AC_SB10	1657	68.06517824615365	-21.03968992267576	68.29955394915945	0.3941408949066674	0.4221950176112285	-0.8163359125178957	-0.04000147658187972	0.8952777320534968	0.4437089861163693	0.9181790875605046	-0.14222921497850383	0.36975399061153874
cur_kal_10m_20200214	KP0739_HU_WP10	98	6.184321778264008	-5.317669771633413	8.12948013216391	0.7671107622624191	-0.6257449944838008	-0.14136576777861837	0.6324827551023401	0.7745662563234057	0.0035607672343390823	0.10726902124715879	-0.09214291314915107	0.9899510294136091
cur_kal_10m_20200214	KP0740_HU_WP10	30	-65.5804930099655	28.54094952078486	113.78741178950808	-0.10748848798024162	0.754696930491707	-0.6472084425114655	0.44638174397712815	0.6183111697212682	0.6468652379297055	0.888363418650081	-0.21937146693294554	-0.4033442647417073
cur_kal_10m_20200214	KP0741_AC_WP10	1220	4.6151545879199185	18.697092511525145	19.183764668170774	0.569570714655026	-0.7914330660517529	0.221862351396727	0.8183986879811135	0.5210270287027698	-0.24239311638731637	0.07624164556300668	0.31963187782366875	0.9444695199744458
cur_kal_10m_20200214	KP0742_AC_WP10	1829	-82.69936937830725	29.674637043693856	97.28146377547063	-0.035377607962182235	0.7241315253967453	-0.688753917434563	0.14152022796133218	0.6858702143234214	0.7138305640568469	0.9893030121922436	-0.07221899355797338	-0.12674370610340652
cur_kal_10m_20200214	KP0743_AC_WP10	9124	58.46141588767298	9.784518139886355	58.603503717504246	0.4623515654865669	0.3516391728121575	-0.8139907382987245	-0.25631798022786323	0.9318147155770379	0.2569482999476601	0.8488416359392542	0.08984001323500361	0.5209574350346723
cur_kal_10m_20200214	KP0744_HU_WP10	96	-1.6597146041458166	-30.142808462705993	30.17375577344666	0.8043658709221758	-0.5236187591364235	-0.2807471117857524	0.593605985453673	0.6883458251258671	0.4169076145447134	-0.0250495454885614	-0.5019994224221992	0.8645051186422178
cur_kal_10m_20200214	KP0746_AC_WP10	2386	20.528863633292314	-1.7369207274591851	20.590437373157638	0.8103201505909133	-0.4919698682899085	-0.31835028230100487	0.469579013298437	0.8701493094998846	-0.1494514283857474	0.3505378778619876	-0.028387107490618787	0.9361182448346631
cur_kal_10m_20200214	KP0747_AC_WP10	1724	-13.862919812210126	29.183873759387346	31.408496255640003	0.28510410420227505	-0.8051505257827962	0.5200464215805212	0.9350678071510774	0.3528647625619473	0.03368464593514656	-0.21062726745769153	0.47667503623935187	0.8534735286050287
cur_kal_10m_20200214	KP0748_AC_WP10	213	39.99888394944696	-15.147821222391551	41.4012517716864	0.7497879306655492	-0.0949590724180018	-0.6548288582475473	0.20420024777852294	0.9745501700067878	0.09248905311944139	0.6293809004374565	-0.20306339085431843	0.7500966214157232
cur_kal_10m_20200214	KP0749_AC_WP10	6515	-58.682259903617	30.49702625190086	119.80269057173736	-0.11795871377833353	0.7586680779521984	-0.6407093641738648	0.5646235939164358	0.5820071379777504	0.5852075602175995	0.816875718231757	-0.29272929275913734	-0.49701471016870946
cur_kal_10m_20200214	KP0750_AC_WP10	31	31.04607465940621	32.39568546685988	41.17355512202565	0.675115902912047	-0.7352561891016518	0.060140286189604854	0.5821648170289556	0.48092269903558893	-0.6555894167586653	0.4531033474262733	0.4776103997402489	0.7527188469880806
cur_kal_10m_20200214	KP0751_AC_WP10	953	-16.09849156173827	-51.16881270617619	128.09785490070763	-0.8134788709119883	0.46747735552918523	0.34600151538280316	0.5536627447951875	0.4403084451582985	0.7068140053423819	0.17807215280783098	0.7665464077208382	-0.6170064126122703
cur_kal_10m_20200214	KP0752_AC_WP10	37	-87.0481917514404	-87.53799368965129	91.89136952140564	-0.7598156448787083	0.6387709896690015	0.12104465520970686	0.11399755445376093	-0.05239915812084438	0.992098223870393	0.6400662023385661	0.7676105464267092	-0.03300463055958399
cur_kal_10m_20200214	KP0754_LM_WP10	12745	-27.77625465774719	74.76488597177362	74.91219075848922	-0.5132632113403767	-0.2932962595207137	0.8065594708610904	0.8472094397462813	-0.023020782035044443	0.5307600293911435	-0.13710230154653252	0.9557443945666924	0.2602990802230975
cur_kal_10m_20200214	KP0755_AC_WP10	10923	22.6212290942061	16.125441870832386	26.892810470214002	0.7657304311113152	-0.6283090587307503	-0.13742137238056507	0.5249260884100919	0.7339899985441325	-0.4309423206690945	0.37163087678038753	0.25784958552237974	0.8918542945287516
cur_kal_10m_20200214	KP0756_AC_WP10	6210	57.67398870040526	-50.37289369619162	63.30674586400897	0.6126958690905387	0.16104144167068837	-0.7737373107612271	0.3473976596029403	0.8244861073399331	0.44669623336876707	0.7098722688637648	-0.54248346782927	0.44921381215423495
cur_kal_10m_20200214	KP0757_AC_WP10	612	-1.5250220414993605	11.340735051903957	11.437604546587865	0.6052425144127607	-0.7772380753454867	0.17199556093272592	0.7956133414920612	0.5977112405960565	-0.09869490212245106	-0.026094244330049178	0.19657631367580103	0.9801412364116086
cur_kal_10m_20200214	KP0758_AC_WP10	4973	13.91219089462366	40.36629059608948	41.521898969829635	0.15374023346929738	-0.7713288667404389	0.6175886332711414	0.9705517437592128	0.0005712885402201495	-0.24089206362052562	0.18545418113042766	0.6364365270490957	0.7487024066603021
cur_kal_10m_20200214	KP0759_AC_WP10	1305	-75.24405193869809	87.77620963215765	87.79996750484459	-0.6372288242559057	-0.1234880297936871	0.7607168540495929	0.7567674685430812	0.08641063584922926	0.6479476835108128	-0.14574780990578443	0.9885767084600998	0.038388375816931615
cur_kal_10m_20200214	KP0760_AC_WP10	9391	59.68134155733483	38.119545424980224	62.009063919512236	0.18156265153261464	0.5986214974628515	-0.7801841489954662	-0.5682641772267083	0.7113617530406315	0.4135701647747477	0.8025651552673456	0.36826180780294454	0.4693318788068933
cur_kal_10m_20200214	KP0761_AC_WP20	4503	-70.76351666985047	83.29592082618322	83.64374325632417	-0.5299880671699493	-0.2729041784338943	0.8028922456038435	0.7864191570727885	0.19605513121598966	0.5857536128038868	-0.3172657530310923	0.9418522680957997	0.11071019391371188
cur_kal_10m_20200214	KP0762_AC_WP10	3850	52.520330118432334	68.379069134632	70.60320686484427	-0.7714406663568307	0.15407518706437148	0.6173654792924591	0.4661304296767318	-0.523601476594927	0.7131366743037393	0.43313014305207886	0.8379154673585464	0.33210833886097263
cur_kal_10m_20200214	KP0763_LM_WP10	10848	46.03769179632339	16.490751917216862	47.15830933029293	0.6883773062089673	0.03607771830161935	-0.7244550245105866	-0.17036358209841898	0.9788653398978417	-0.11313220691420438	0.7050623619163634	0.20129839688589696	0.6799750151440029
cur_kal_10m_20200214	KP0764_HU_WP10	830	15.2815020663723	36.62597439336187	38.378868229842205	0.2842512463600739	-0.8049988551837576	0.5207476088236838	0.9345191538012692	0.11129466114433995	-0.3380642684155285	0.21418492038727777	0.5827438043888638	0.7839224951008162
cur_kal_10m_20200214	KP0765_AC_WP10	1657	34.654643829792406	23.700731942726105	39.313079150767635	0.8151217911688641	-0.448577345592289	-0.3665444455765751	0.22256901347786595	0.826693869614718	-0.5167594026052484	0.5348266072299996	0.3396404142071726	0.7736956050256639
cur_kal_10m_20200214	KP0766_AC_WP10	3224	25.43063641205768	19.80593242693111	30.815332584034813	0.7659636855120385	-0.6278792179106161	-0.13808446760142234	0.4965280818033761	0.7142155536792996	-0.49331126772376865	0.4083619674473555	0.309295700905339	0.8588228414195794
cur_kal_10m_20200214	KP0767_AC_WP10	3985	7.44162386347344	17.34885477265915	18.70647768325616	0.612157220553024	-0.7739970358525918	0.16183981529956787	0.7809979768705516	0.5597972115190348	-0.27689211274360714	0.12371619719705984	0.2958980744562473	0.9471740241815034
cur_kal_10m_20200214	KP0768_HU_WP10	332	-76.12776393933515	-52.81221175128234	103.2155044489264	-0.3744254845335075	0.8155869678671408	-0.44116148333363336	0.05352338422898539	0.49398705154971034	0.867820281073161	0.9257109721033474	0.3013215736493277	-0.22861431578308516
cur_kal_10m_20200214	KP0769_AC_WP10	79819	45.24758507576561	5.991135507623211	45.40180274081331	0.7036701088256023	0.006823952805787614	-0.71049406163139	-0.057145536973211924	0.9972580650794417	-0.04701849889193841	0.708225081135516	0.07368707690031087	0.7021306496290269
cur_kal_10m_20200214	KP0770_AC_WP10	73	44.56265588085204	-63.18986477166864	114.34301508703659	-0.7089027083835735	0.003605643750821466	0.705297064632752	0.5767658474691555	0.5785263140040213	0.5767568475519882	-0.40595333135672274	0.8156557505087931	-0.41219848304223083
cur_kal_10m_20200214	KP0771_AC_WP10	1282	63.808087307214784	-13.200453190659733	63.95782180102469	0.44395341850420683	0.37147002100160814	-0.815423439505815	-0.07911692584488964	0.922716417104651	0.37727301208860686	0.8925502082478514	-0.10297784763054955	0.43903267378874716
cur_kal_10m_20200214	KP0772_AC_WP10	309	18.74755740627908	29.544216870126576	33.450493264027905	0.5269886894789749	-0.8035982151856493	0.2766095257066744	0.8013035383161621	0.3613669999436277	-0.4767877209343181	0.28318820710480075	0.4729099278955571	0.8343624149340546
cur_kal_10m_20200214	KP0773_AC_WP10	2377	30.85902455891839	10.492178192474753	32.02842378729463	0.8164767524130501	-0.4033104378161612	-0.41316631459688885	0.27705017642631313	0.9014927549879472	-0.33249663524070394	0.506565802745495	0.1570079725771188	0.8477851048679936
cur_kal_10m_20200214	KP0774_AC_WP10	49	37.119664827308775	-50.28329682030516	125.11737392344912	-0.7445973246606845	0.08215883727850058	0.662438487382184	0.5059909281857766	0.7167386598204315	0.47985297134904586	-0.4353711114691092	0.6924851037934728	-0.5752533149163905
cur_kal_10m_20200214	KP0775_HU_WP10	183	33.421532239598946	-53.446461492948266	123.66241253257667	-0.755422482888056	0.10937813826733545	0.6460443446207206	0.5436298915402671	0.6550470910027287	0.524766471483059	-0.3657914889266316	0.7476294078205019	-0.5542985253370276
cur_kal_10m_20200214	KP0777_AC_WP10	3930	-57.798566762062734	27.2486657375874	120.92365736154137	-0.14393074160128955	0.7679991028974285	-0.6240683612961389	0.5598362400216603	0.5832094745452507	0.5886001131150611	0.8160069399095286	-0.2646584341172557	-0.5138955022863008
cur_kal_10m_20200214	KP0778_AC_WP10	2987	-32.44527778846891	-52.53086287635311	124.56785988580572	-0.7935549541253999	0.5632193620774879	0.23033559204791193	0.4900668149264453	0.3671665035009613	0.7905841356963391	0.36070077861141864	0.7402517874938945	-0.5673819167203077
cur_kal_10m_20200214	KP0779_AC_WP10	2181	85.68036602684123	75.59770102220101	85.8552930505147	-0.1847116497417009	0.7811309731139288	-0.5964193233722279	-0.22431806986273356	0.5573340030378309	0.7994124170857526	0.9568505682617099	0.2814484178316057	0.07227570904065142
cur_kal_10m_20200214	KP0780_AC_WP10	4481	2.102209514584993	46.77201465465498	46.78902451176349	-0.04529588471458314	-0.6833699130266515	0.7286657977412346	0.9986574122776819	-0.049326875488290595	0.01581873121987472	0.025132762099840056	0.7284040234131806	0.6846867334370685
cur_kal_10m_20200214	KP0781_AC_WP10	216	14.958160226566196	-1.9046443348150603	15.068358287185953	0.7936585122438352	-0.562900398880606	-0.23075811336322924	0.5509557360950996	0.825900729437423	-0.11973204240569721	0.25798050857925114	-0.032111151564332995	0.9656163477998927
cur_kal_10m_20200214	KP0782_AC_WP10	7002	-45.8313349655199	56.777626395835306	61.49624914535952	-0.1593548034541073	-0.6138314554348986	0.7731862588890058	0.8563061790308959	0.3037961600891371	0.41766927211443544	-0.49126955367660413	0.7286417757950537	0.4772162907913148
cur_kal_10m_20200214	KP0783_HU_WP10	331	47.73116702222368	-75.64713671184916	103.83685442609737	-0.6998555678884426	-0.014285941870250354	0.714141509758693	0.6640562814057304	0.3552800788958824	0.657879411948215	-0.2631186789666197	0.9346507248189644	-0.23915807194039163
cur_kal_10m_20200214	KP0784_AC_WP10	4217	-59.983707926409345	50.919590847123864	115.20923027869205	0.057328964931600106	0.6766971569326744	-0.7340261218642745	0.6731947188977486	0.5167352982109221	0.5289551039843086	0.7372396219873513	-0.5244669573787322	-0.42592505255014357
cur_kal_10m_20200214	KP0785_AC_WP10	249	-27.489170838021995	-46.60533358316735	130.31033535317673	-0.7871069832942076	0.5815613309440836	0.20554565235012415	0.5168692634938744	0.44001155393256786	0.7343269005430393	0.3366136677331921	0.684234061382794	-0.6469273436320458
